5 0.239800 0.051890 0.011285 0.035880
0 0.251845 0.052469 0.011068 0.036265
0 0.263129 0.052855 0.010634 0.033951
3 0.275174 0.052855 0.011285 0.033951
0 0.286784 0.053048 0.011502 0.035108
0 0.298720 0.052855 0.011502 0.033951
2 0.310764 0.053627 0.012153 0.035494
5 0.322374 0.053627 0.011502 0.035494
7 0.334418 0.054012 0.011719 0.037037
5 0.244141 0.244792 0.010851 0.035108
0 0.256076 0.244985 0.011285 0.033179
0 0.267253 0.245370 0.011068 0.033179
3 0.278971 0.245756 0.011068 0.033951
3 0.291450 0.245563 0.010851 0.034336
7 0.302734 0.246528 0.011719 0.036265
3 0.315864 0.246914 0.010200 0.034722
8 0.327365 0.246914 0.010200 0.033179
4 0.340169 0.247106 0.012370 0.033565
5 0.255208 0.427662 0.012153 0.034336
0 0.267470 0.428048 0.011068 0.032793
0 0.278971 0.428434 0.011068 0.032022
1 0.289714 0.428627 0.009115 0.033951
2 0.299805 0.429205 0.011502 0.034336
5 0.310655 0.428627 0.011502 0.033179
5 0.321832 0.428627 0.011719 0.033179
2 0.333008 0.428434 0.011502 0.032793
5 0.344293 0.428627 0.010634 0.031636
5 0.257595 0.597029 0.010417 0.029707
0 0.268338 0.597608 0.010200 0.030093
0 0.279188 0.597608 0.010200 0.028549
3 0.290365 0.598380 0.009983 0.030093
4 0.302734 0.598765 0.010851 0.030864
9 0.313694 0.598573 0.010634 0.029707
9 0.324870 0.598765 0.009983 0.030093
4 0.337023 0.599344 0.011285 0.032022
7 0.348199 0.598380 0.010634 0.031636
5 0.263129 0.742477 0.009332 0.025849
0 0.272786 0.742863 0.008681 0.025077
0 0.282444 0.742863 0.009332 0.025077
2 0.291884 0.743248 0.009983 0.026620
8 0.301432 0.743248 0.009115 0.025077
8 0.311306 0.743827 0.008898 0.026235
8 0.321181 0.743441 0.007812 0.025463
2 0.331272 0.744792 0.009332 0.025849
0 0.340495 0.744792 0.009115 0.025077
5 0.265299 0.835069 0.008898 0.027392
0 0.274523 0.835069 0.009115 0.025849
0 0.284180 0.835455 0.009332 0.026620
3 0.293403 0.835262 0.009115 0.027006
9 0.302517 0.835455 0.009549 0.027392
0 0.312609 0.836420 0.009766 0.027006
2 0.322049 0.836613 0.009115 0.027392
6 0.331380 0.836613 0.009549 0.026620
1 0.340169 0.836998 0.008030 0.027392
5 0.268338 0.932485 0.009766 0.026235
0 0.277995 0.932677 0.009549 0.025077
0 0.287109 0.932292 0.009115 0.024306
2 0.296549 0.932292 0.009766 0.025077
8 0.305773 0.933835 0.009549 0.025849
7 0.315321 0.933256 0.010851 0.028549
0 0.326714 0.933835 0.009766 0.027392
5 0.335938 0.933835 0.009983 0.025849
1 0.346246 0.934606 0.009766 0.027392
6 0.579753 0.206597 0.014974 0.045910
9 0.600694 0.207369 0.014757 0.044367
8 0.686849 0.208719 0.014323 0.043981
2 0.707791 0.209877 0.015408 0.045525
4 0.560981 0.409336 0.018229 0.049383
1 0.612739 0.407986 0.012804 0.048225
2 0.627170 0.408951 0.018229 0.048611
1 0.683051 0.409529 0.012370 0.046682
2 0.698134 0.410687 0.017361 0.045910
9 0.574978 0.563850 0.014106 0.038966
0 0.594727 0.565008 0.013238 0.037423
7 0.674371 0.566937 0.015408 0.039738
7 0.692817 0.567323 0.015408 0.040509
10 0.287109 0.053434 0.106337 0.038194
10 0.292643 0.246721 0.108290 0.038966
10 0.299479 0.427855 0.101128 0.035494
10 0.302951 0.598958 0.101562 0.032793
10 0.301866 0.744213 0.087674 0.029321
10 0.302409 0.836806 0.083984 0.030864
10 0.307292 0.934414 0.088108 0.030093
