5 0.450846 0.047840 0.012804 0.040895
0 0.463867 0.048418 0.012804 0.038194
0 0.476780 0.047647 0.012587 0.037423
3 0.489909 0.047261 0.012370 0.038966
9 0.502604 0.047261 0.011719 0.038966
0 0.516168 0.047647 0.012370 0.037423
2 0.529080 0.047454 0.013455 0.040123
6 0.542318 0.046875 0.012153 0.039738
1 0.553602 0.047454 0.009983 0.040895
5 0.453668 0.173997 0.012370 0.037809
0 0.466797 0.174190 0.012153 0.039738
0 0.479275 0.174769 0.011936 0.038580
3 0.491970 0.174383 0.012153 0.037037
9 0.504449 0.174383 0.011936 0.037809
0 0.517470 0.174190 0.011502 0.037423
2 0.530273 0.174190 0.011936 0.039738
6 0.543186 0.173418 0.011285 0.038194
1 0.554905 0.173032 0.009983 0.038966
5 0.456380 0.295718 0.012587 0.038194
0 0.468859 0.295525 0.011502 0.036265
0 0.481228 0.295525 0.011068 0.036265
3 0.494141 0.295525 0.011719 0.035494
9 0.506076 0.295332 0.010851 0.035108
0 0.518446 0.295332 0.011285 0.036651
2 0.531359 0.295718 0.012370 0.036651
6 0.543837 0.295718 0.011719 0.037423
1 0.554688 0.295525 0.009115 0.037809
5 0.458767 0.410301 0.012587 0.035108
0 0.471137 0.411073 0.011285 0.034336
0 0.483398 0.412230 0.011068 0.034336
3 0.495334 0.411458 0.011936 0.035108
9 0.508030 0.411651 0.010851 0.033951
0 0.519531 0.412037 0.010851 0.033951
2 0.532661 0.411458 0.011936 0.035108
6 0.544488 0.411073 0.010851 0.034336
1 0.555122 0.411458 0.009549 0.035108
5 0.461372 0.522569 0.011719 0.033565
0 0.473090 0.522377 0.010851 0.032407
0 0.485352 0.521412 0.010634 0.032022
3 0.497396 0.522184 0.011719 0.033565
9 0.509332 0.522184 0.010851 0.032793
0 0.520942 0.522955 0.011068 0.034336
2 0.533312 0.522184 0.011936 0.034336
6 0.545030 0.522377 0.011068 0.034722
1 0.555773 0.522569 0.009115 0.034336
5 0.463650 0.629244 0.011502 0.033179
0 0.475260 0.629437 0.009983 0.031250
0 0.486979 0.629244 0.010417 0.030864
3 0.498589 0.629244 0.009766 0.031636
9 0.510417 0.628858 0.010417 0.032407
0 0.522135 0.628858 0.010417 0.030093
2 0.534288 0.629630 0.010851 0.033179
6 0.545898 0.629437 0.011068 0.032793
1 0.556641 0.629823 0.008681 0.032793
5 0.465820 0.733025 0.010200 0.033179
0 0.477214 0.733025 0.010851 0.031636
0 0.488824 0.733218 0.009766 0.031250
3 0.500326 0.733218 0.009766 0.031250
9 0.511936 0.733796 0.010417 0.030093
0 0.523220 0.733796 0.009983 0.032407
2 0.535482 0.733410 0.010634 0.031636
6 0.546766 0.733796 0.010200 0.030093
1 0.557075 0.733410 0.008681 0.030864
10 0.501519 0.048032 0.115017 0.043596
10 0.503364 0.173611 0.112196 0.039352
10 0.504883 0.295525 0.109158 0.038580
10 0.506402 0.411458 0.107422 0.036651
10 0.507921 0.522955 0.105252 0.035880
10 0.509657 0.630208 0.103516 0.035108
10 0.511393 0.733218 0.100911 0.033565
