5 0.280273 0.129244 0.011502 0.037037
0 0.291775 0.129630 0.010634 0.033951
0 0.304253 0.130015 0.010851 0.032407
3 0.316298 0.131173 0.011502 0.035494
4 0.329319 0.131752 0.011936 0.036651
9 0.341688 0.131559 0.011068 0.033951
9 0.353516 0.132523 0.010851 0.035880
4 0.366753 0.133488 0.012153 0.037037
7 0.378581 0.133295 0.011068 0.035880
5 0.285482 0.298418 0.010200 0.031250
0 0.295898 0.299576 0.010634 0.029707
0 0.306641 0.299383 0.009983 0.029321
2 0.317491 0.299961 0.010417 0.030478
8 0.327799 0.300926 0.009766 0.030093
9 0.338325 0.300733 0.010417 0.032022
8 0.348958 0.300540 0.009115 0.032407
2 0.359701 0.301698 0.010634 0.032407
0 0.369900 0.301698 0.010200 0.030093
5 0.286675 0.408758 0.009549 0.030478
0 0.296984 0.408372 0.009766 0.030478
0 0.307726 0.408565 0.009983 0.029321
3 0.317925 0.408758 0.009549 0.031250
9 0.328234 0.408951 0.008898 0.030864
0 0.338650 0.409144 0.010200 0.028935
2 0.349392 0.409144 0.010417 0.029707
6 0.360352 0.409529 0.010634 0.031250
1 0.370009 0.410108 0.009115 0.032407
5 0.287760 0.521991 0.010851 0.030093
0 0.299154 0.521991 0.011068 0.028549
0 0.309787 0.521991 0.010634 0.030093
2 0.320312 0.522184 0.010851 0.031250
3 0.330404 0.522184 0.010634 0.028935
7 0.341146 0.521798 0.011719 0.031250
0 0.353516 0.521991 0.010417 0.030864
5 0.363498 0.522569 0.011285 0.028935
1 0.374023 0.522955 0.009766 0.031250
5 0.295030 0.629630 0.009766 0.027006
0 0.304905 0.629630 0.009983 0.026235
0 0.314996 0.629437 0.009332 0.026620
3 0.325412 0.629437 0.008898 0.026620
3 0.335938 0.629630 0.009115 0.027778
7 0.345378 0.628858 0.010200 0.028549
3 0.356445 0.628858 0.009332 0.028549
7 0.366536 0.628086 0.009549 0.030864
8 0.377279 0.628086 0.009766 0.028549
5 0.293728 0.734954 0.010200 0.027006
0 0.303819 0.734375 0.010417 0.028164
0 0.314345 0.734761 0.009766 0.027392
2 0.324653 0.734182 0.010417 0.027778
0 0.334635 0.733796 0.009983 0.028549
9 0.345378 0.733410 0.010200 0.028549
9 0.355360 0.733410 0.009332 0.027006
0 0.366319 0.733025 0.009549 0.027778
1 0.375977 0.733025 0.008030 0.029321
9 0.622504 0.096644 0.013672 0.044367
0 0.643446 0.097994 0.015191 0.045525
7 0.726780 0.100309 0.014757 0.045525
7 0.745660 0.102431 0.015191 0.046682
5 0.839084 0.841628 0.031033 0.092978
0 0.870551 0.841435 0.031467 0.091049
0 0.900716 0.839506 0.030599 0.091049
3 0.930447 0.837963 0.030165 0.091049
7 0.964084 0.838542 0.030165 0.091435
10 0.329536 0.131559 0.110026 0.041667
10 0.327908 0.300540 0.095052 0.033951
10 0.328234 0.410301 0.092665 0.033565
10 0.330621 0.522569 0.096571 0.031250
10 0.336155 0.629051 0.092448 0.028164
10 0.334310 0.733796 0.092231 0.030093
