5 0.331597 0.055748 0.009549 0.029707
0 0.342122 0.055556 0.010200 0.029321
0 0.352648 0.056713 0.009983 0.029321
2 0.362413 0.057099 0.009983 0.030093
8 0.373155 0.057099 0.009766 0.030093
9 0.383464 0.057485 0.009549 0.030093
8 0.394206 0.057292 0.010200 0.031250
2 0.404839 0.059028 0.010200 0.030864
0 0.415148 0.059221 0.009549 0.029707
5 0.332248 0.168596 0.010417 0.030093
0 0.342773 0.168789 0.009766 0.030478
0 0.353082 0.168596 0.010417 0.030864
3 0.363607 0.168789 0.010634 0.031250
9 0.373589 0.169560 0.010634 0.032022
0 0.384332 0.168981 0.010851 0.031636
2 0.394640 0.170332 0.010634 0.032022
6 0.404839 0.170718 0.010634 0.032022
1 0.414497 0.171103 0.009115 0.031250
5 0.333984 0.285108 0.010417 0.030093
0 0.344944 0.285687 0.011068 0.029707
0 0.355360 0.285687 0.010200 0.030478
2 0.365234 0.285880 0.011285 0.031636
3 0.375326 0.286265 0.010634 0.030864
7 0.385091 0.285687 0.011502 0.030478
0 0.397786 0.286073 0.010851 0.031250
5 0.407878 0.287616 0.010634 0.030478
1 0.418728 0.288002 0.010200 0.032022
5 0.340386 0.395255 0.009766 0.028164
0 0.350477 0.395640 0.009983 0.027392
0 0.360569 0.395255 0.009766 0.028164
3 0.370334 0.395448 0.009766 0.028549
3 0.380425 0.396219 0.009983 0.030093
7 0.390516 0.396412 0.009766 0.030478
3 0.401476 0.396219 0.009549 0.028549
7 0.410807 0.396991 0.009549 0.030093
8 0.421549 0.396412 0.009766 0.028164
5 0.338867 0.502122 0.009766 0.027392
0 0.349392 0.502122 0.010851 0.027392
0 0.359484 0.501157 0.009766 0.027778
2 0.370009 0.502508 0.010851 0.030478
0 0.379883 0.501736 0.010200 0.028164
9 0.390082 0.501929 0.009766 0.028549
9 0.400174 0.501736 0.009983 0.028164
0 0.410373 0.502122 0.010851 0.028164
1 0.420030 0.501929 0.008464 0.028549
5 0.876845 0.619792 0.032769 0.097608
0 0.907118 0.620177 0.031684 0.092978
0 0.937609 0.620177 0.030165 0.094522
3 0.965603 0.620177 0.031467 0.096836
5 0.867079 0.751736 0.031467 0.090664
0 0.897244 0.750772 0.031033 0.091821
0 0.926541 0.748650 0.031467 0.090664
3 0.954644 0.746914 0.031684 0.091049
5 0.857530 0.873650 0.030599 0.089120
0 0.887153 0.872299 0.030382 0.084105
0 0.915690 0.871914 0.029731 0.086420
3 0.943576 0.869792 0.030816 0.086034
7 0.974067 0.868634 0.030599 0.086034
10 0.373481 0.057677 0.093750 0.034336
10 0.372938 0.169946 0.092231 0.034336
10 0.376302 0.286844 0.095052 0.033565
10 0.380968 0.396219 0.091363 0.030093
10 0.379123 0.502701 0.091146 0.030093
