5 0.512370 0.076775 0.012587 0.041667
0 0.526042 0.077160 0.013021 0.038580
0 0.539714 0.077160 0.013021 0.040123
3 0.552734 0.075810 0.013021 0.039738
9 0.566840 0.076196 0.013021 0.039738
0 0.580404 0.076196 0.012370 0.039738
2 0.594293 0.076775 0.013672 0.039352
6 0.607856 0.075424 0.012587 0.039738
1 0.620660 0.076775 0.012153 0.041667
5 0.513346 0.207948 0.012804 0.040895
0 0.527127 0.208333 0.013021 0.039352
0 0.541016 0.208333 0.012587 0.039352
3 0.553602 0.207755 0.011719 0.040509
9 0.567383 0.207562 0.012370 0.039352
0 0.580512 0.207948 0.012587 0.040123
2 0.594293 0.207755 0.013238 0.039738
6 0.607964 0.207369 0.012370 0.040509
1 0.620551 0.207755 0.012370 0.041281
5 0.515082 0.335841 0.012804 0.038194
0 0.527886 0.336613 0.012370 0.038194
0 0.541558 0.336034 0.011936 0.037809
3 0.554688 0.336613 0.012153 0.039738
9 0.568034 0.335648 0.012804 0.037809
0 0.580946 0.335841 0.012587 0.039738
2 0.594727 0.334877 0.013238 0.040123
6 0.607856 0.334684 0.013021 0.039738
1 0.620660 0.335455 0.013021 0.039738
5 0.516385 0.459491 0.012370 0.039352
0 0.529405 0.459877 0.012370 0.039352
0 0.542426 0.459298 0.011936 0.037423
3 0.555339 0.459298 0.011719 0.037423
9 0.568359 0.459298 0.012153 0.036651
0 0.581489 0.459298 0.011936 0.036651
2 0.594727 0.459491 0.011936 0.037809
6 0.607530 0.458140 0.011936 0.038194
1 0.620660 0.459298 0.012153 0.038966
5 0.517904 0.578897 0.012370 0.037423
0 0.530707 0.579090 0.012370 0.037037
0 0.543511 0.579090 0.011936 0.034722
3 0.556641 0.579090 0.011719 0.037037
9 0.569010 0.578897 0.012153 0.035880
0 0.582031 0.578897 0.012153 0.035880
2 0.595595 0.579090 0.012370 0.037037
6 0.608398 0.579090 0.012370 0.037809
1 0.620985 0.579475 0.012370 0.037037
5 0.519314 0.696566 0.011719 0.036651
0 0.532661 0.697145 0.011936 0.036265
0 0.545030 0.697338 0.011936 0.035108
3 0.557617 0.696952 0.011936 0.035880
9 0.570747 0.697145 0.011719 0.036265
0 0.583116 0.698110 0.012153 0.035108
2 0.596463 0.697917 0.011936 0.036265
6 0.609049 0.697917 0.011936 0.036265
1 0.621094 0.698495 0.011285 0.037423
5 0.521376 0.813272 0.011502 0.035494
0 0.533637 0.812886 0.011285 0.035494
0 0.546549 0.813465 0.011936 0.035108
3 0.558919 0.813657 0.011068 0.034722
9 0.571615 0.813465 0.011719 0.035108
0 0.584418 0.813465 0.011719 0.035880
2 0.597005 0.814236 0.012153 0.035880
6 0.610135 0.813850 0.011502 0.035108
1 0.621745 0.815201 0.010851 0.036265
5 0.522786 0.926505 0.011719 0.036651
0 0.535048 0.926698 0.011502 0.035494
0 0.547635 0.927083 0.011936 0.035494
3 0.560004 0.927276 0.011502 0.035108
9 0.572700 0.926890 0.010851 0.034336
0 0.585069 0.928048 0.011719 0.035108
2 0.597982 0.928048 0.011936 0.035108
6 0.610569 0.928048 0.012370 0.033565
1 0.621202 0.928241 0.009332 0.035494
10 0.566189 0.076582 0.120226 0.042052
10 0.565972 0.208333 0.117188 0.040895
10 0.566732 0.336034 0.116536 0.039352
10 0.567600 0.459877 0.114800 0.040895
10 0.569010 0.579668 0.114583 0.039738
10 0.569770 0.698110 0.113064 0.039738
10 0.571289 0.814429 0.111762 0.039352
10 0.571615 0.927662 0.109375 0.038194
