5 0.554905 0.194059 0.019531 0.051698
0 0.573134 0.193673 0.018229 0.050926
0 0.590278 0.192515 0.016493 0.052469
2 0.606771 0.192515 0.018229 0.053241
3 0.623481 0.191744 0.017361 0.054784
7 0.640299 0.189622 0.019314 0.054398
0 0.660373 0.189429 0.018229 0.055556
5 0.677300 0.190394 0.017795 0.053627
1 0.695964 0.188272 0.019097 0.054012
5 0.558160 0.353009 0.019531 0.051698
0 0.576172 0.352238 0.017795 0.053241
0 0.592773 0.350887 0.016710 0.050540
2 0.609701 0.351080 0.017144 0.051698
3 0.625868 0.350694 0.016927 0.054012
7 0.642361 0.350309 0.018663 0.055556
0 0.662435 0.348765 0.018446 0.056327
5 0.679253 0.348380 0.016927 0.052469
1 0.697266 0.348380 0.018663 0.054784
5 0.560764 0.503858 0.019097 0.051698
0 0.577799 0.503086 0.017578 0.052469
0 0.594727 0.503086 0.016276 0.052469
2 0.611437 0.502894 0.017144 0.051312
3 0.627604 0.502122 0.016927 0.052083
7 0.645074 0.502508 0.019314 0.054398
0 0.663628 0.502508 0.017795 0.052855
5 0.680122 0.502701 0.016493 0.050154
1 0.698568 0.502508 0.017361 0.053627
5 0.565104 0.651042 0.017795 0.047454
0 0.581814 0.651813 0.016927 0.050540
0 0.598199 0.652006 0.016710 0.051698
2 0.614583 0.651813 0.016059 0.048997
3 0.630425 0.652778 0.015191 0.048611
7 0.647027 0.651042 0.017578 0.049769
0 0.666450 0.651813 0.017361 0.050540
5 0.682943 0.652971 0.016927 0.052855
1 0.700521 0.652971 0.016927 0.052855
5 0.569444 0.799190 0.016927 0.048997
0 0.585503 0.799576 0.016059 0.049769
0 0.601671 0.799769 0.015842 0.048611
2 0.617730 0.799576 0.016710 0.048997
3 0.634332 0.799576 0.016059 0.048225
7 0.650174 0.798997 0.017795 0.050926
0 0.669705 0.799576 0.017361 0.048997
5 0.685764 0.801698 0.015625 0.049383
1 0.703125 0.801312 0.015625 0.052469
5 0.572700 0.944252 0.016059 0.047454
0 0.589301 0.944252 0.016276 0.047454
0 0.605143 0.943480 0.015408 0.048225
2 0.620877 0.944252 0.015625 0.047454
3 0.637153 0.944637 0.015191 0.048997
7 0.653320 0.944637 0.018012 0.048225
0 0.672201 0.944637 0.016710 0.048225
5 0.688043 0.945409 0.015408 0.048225
1 0.704753 0.944637 0.016276 0.048997
5 0.553819 0.028935 0.017795 0.050154
0 0.572266 0.028549 0.016927 0.049383
0 0.589410 0.027971 0.015191 0.049769
2 0.606554 0.027971 0.017361 0.049769
3 0.623047 0.027971 0.016059 0.049769
7 0.640299 0.026042 0.016276 0.049769
0 0.660699 0.026235 0.016276 0.048611
5 0.677083 0.026427 0.016059 0.047454
1 0.695312 0.026235 0.015191 0.050154
10 0.624240 0.028549 0.158637 0.054012
10 0.625760 0.191551 0.160373 0.058256
10 0.627496 0.349151 0.158203 0.056327
10 0.629340 0.503279 0.156250 0.052083
10 0.632595 0.652971 0.152778 0.052855
10 0.635851 0.800154 0.150174 0.051698
10 0.639106 0.944637 0.148438 0.048225
