5 0.326063 0.343750 0.055339 0.175154
0 0.382595 0.347608 0.055990 0.175154
0 0.439345 0.350116 0.054905 0.174769
3 0.495009 0.351080 0.056858 0.176698
7 0.553168 0.353974 0.058160 0.171682
7 0.613064 0.355517 0.057726 0.173225
8 0.668945 0.356481 0.054905 0.173611
2 0.725043 0.358025 0.058594 0.174383
5 0.780273 0.360147 0.052734 0.172454
5 0.326714 0.586806 0.053602 0.168210
0 0.384115 0.586613 0.055122 0.167052
0 0.437826 0.588349 0.054036 0.167438
3 0.493707 0.590085 0.054253 0.168596
7 0.550347 0.591628 0.058160 0.167052
7 0.609701 0.594136 0.057943 0.165895
8 0.664714 0.596644 0.054253 0.167052
2 0.719510 0.598380 0.056641 0.169753
5 0.774957 0.598187 0.052517 0.167824
5 0.326931 0.822338 0.051432 0.163194
0 0.381727 0.823110 0.053819 0.164738
0 0.436740 0.822724 0.051866 0.166281
3 0.490017 0.824460 0.053819 0.168210
7 0.547418 0.826775 0.057075 0.166667
7 0.606337 0.829090 0.056858 0.165895
8 0.660482 0.829090 0.053168 0.163580
2 0.714193 0.830440 0.055122 0.161651
5 0.767470 0.830440 0.052734 0.161651
5 0.323785 0.094136 0.053819 0.182099
0 0.381727 0.095679 0.057292 0.179012
0 0.439128 0.098765 0.056641 0.180556
3 0.496636 0.102431 0.054036 0.183256
7 0.556207 0.103395 0.057726 0.180556
7 0.618056 0.106289 0.060764 0.179398
8 0.674154 0.109568 0.052734 0.177469
2 0.729601 0.112461 0.055990 0.175540
5 0.786458 0.114005 0.054688 0.181713
10 0.555990 0.105324 0.521267 0.209105
10 0.553385 0.352045 0.512153 0.204861
10 0.551432 0.593171 0.508247 0.190201
10 0.547635 0.826196 0.495877 0.180941
