5 0.109568 0.055773 0.017747 0.017361
0 0.127701 0.055664 0.017747 0.017144
0 0.145062 0.055447 0.017747 0.017144
3 0.163002 0.056207 0.017361 0.017361
7 0.181713 0.056315 0.018519 0.018012
7 0.200424 0.056315 0.018133 0.018446
8 0.218943 0.056098 0.017361 0.018012
2 0.236883 0.056641 0.017747 0.018663
5 0.254630 0.056315 0.018519 0.018446
5 0.113812 0.151801 0.016975 0.017144
0 0.131366 0.152235 0.017361 0.016710
0 0.148534 0.152561 0.016975 0.016927
3 0.166474 0.152778 0.018133 0.017361
1 0.182485 0.152669 0.013889 0.017578
9 0.196759 0.153212 0.016975 0.016927
6 0.213927 0.153212 0.017361 0.017361
7 0.232060 0.153429 0.016590 0.017795
2 0.250772 0.153754 0.018519 0.017578
5 0.118056 0.243273 0.018519 0.016927
0 0.134838 0.243381 0.016590 0.016710
0 0.152585 0.244141 0.017361 0.016493
3 0.169753 0.243815 0.016975 0.017144
0 0.187114 0.244249 0.016975 0.016276
0 0.204090 0.244792 0.017747 0.016493
2 0.221644 0.244900 0.018133 0.017144
5 0.239005 0.245443 0.018133 0.017361
7 0.256944 0.245877 0.017747 0.017361
5 0.118056 0.334418 0.016204 0.016059
0 0.135417 0.334635 0.016975 0.016059
0 0.152006 0.335069 0.016975 0.015625
3 0.170139 0.335286 0.017747 0.016059
3 0.187307 0.335938 0.016590 0.016059
7 0.205633 0.336372 0.017747 0.016493
3 0.223380 0.336806 0.016975 0.016059
8 0.240934 0.336806 0.016590 0.016059
4 0.258681 0.337891 0.018133 0.016059
5 0.128665 0.422201 0.018904 0.016276
0 0.146991 0.422852 0.017747 0.015408
0 0.164352 0.422960 0.017747 0.015625
1 0.179205 0.423394 0.013503 0.016059
2 0.194252 0.423828 0.017361 0.016059
5 0.210841 0.423828 0.016590 0.015625
5 0.227816 0.424479 0.018133 0.015625
2 0.244406 0.425239 0.018904 0.015842
5 0.260802 0.425239 0.017747 0.015842
5 0.126736 0.503364 0.016590 0.014540
0 0.143326 0.504015 0.015046 0.014106
0 0.159144 0.504449 0.015818 0.014540
3 0.175347 0.504883 0.016590 0.014540
4 0.193094 0.505425 0.018904 0.014323
9 0.211034 0.505751 0.015432 0.014106
9 0.227431 0.506076 0.015046 0.014323
4 0.244985 0.506836 0.016975 0.014540
7 0.262346 0.507053 0.016975 0.015408
5 0.129823 0.573893 0.013503 0.012804
0 0.144290 0.574327 0.014660 0.012804
0 0.158565 0.574978 0.013889 0.012370
2 0.173225 0.575195 0.015432 0.012804
8 0.187307 0.575629 0.014275 0.012804
9 0.202739 0.575846 0.014275 0.012804
8 0.216821 0.576063 0.012346 0.012804
2 0.231481 0.576931 0.013889 0.012370
0 0.246721 0.577148 0.015046 0.012804
5 0.129630 0.619575 0.015432 0.012587
0 0.143519 0.620117 0.013889 0.013238
0 0.157793 0.620443 0.014660 0.012587
3 0.172647 0.620768 0.013503 0.013238
9 0.186343 0.620985 0.013889 0.012804
0 0.201003 0.621962 0.014660 0.013021
2 0.215664 0.621962 0.015432 0.013021
6 0.229745 0.622396 0.014275 0.013455
1 0.243056 0.622830 0.013889 0.013455
5 0.129823 0.667969 0.015818 0.013455
0 0.144483 0.668511 0.016590 0.013238
0 0.159144 0.668728 0.015046 0.013672
2 0.173032 0.669705 0.015046 0.013455
3 0.187114 0.669705 0.014660 0.013455
7 0.201968 0.669705 0.017361 0.013455
0 0.219136 0.670247 0.013889 0.013672
5 0.233025 0.670464 0.015432 0.013238
1 0.248843 0.671549 0.014660 0.014540
5 0.137153 0.713650 0.013503 0.012370
0 0.150270 0.714410 0.014275 0.012153
0 0.163773 0.715061 0.015046 0.013021
3 0.178048 0.714952 0.015046 0.013672
3 0.192130 0.715929 0.015432 0.013021
7 0.206211 0.716580 0.015046 0.013455
3 0.221258 0.716688 0.014275 0.013672
7 0.235340 0.717014 0.016204 0.013455
8 0.249614 0.717556 0.014660 0.013238
8 0.638117 0.037326 0.023148 0.023003
9 0.671103 0.038194 0.022762 0.022135
2 0.694637 0.038845 0.023534 0.023872
7 0.785494 0.040582 0.023920 0.024306
2 0.818866 0.041884 0.023534 0.023003
8 0.842400 0.042318 0.023534 0.022569
7 0.633681 0.137044 0.021991 0.022786
5 0.666860 0.137695 0.023534 0.022786
8 0.797840 0.140951 0.022377 0.022352
4 0.832176 0.142036 0.025463 0.024089
1 0.639275 0.231662 0.016975 0.021918
0 0.657793 0.231662 0.022377 0.021918
1 0.804591 0.234918 0.018904 0.022352
4 0.825424 0.236220 0.025077 0.022352
6 0.618248 0.324002 0.022762 0.021267
9 0.650463 0.324761 0.021605 0.021050
8 0.779900 0.326714 0.022762 0.021050
2 0.812307 0.327799 0.022762 0.021484
4 0.585648 0.420898 0.026235 0.022352
1 0.664738 0.421984 0.019290 0.022352
2 0.685764 0.423069 0.026620 0.023220
1 0.771798 0.424805 0.019676 0.022352
2 0.794174 0.425564 0.027392 0.023003
9 0.604167 0.497070 0.020062 0.018880
0 0.634066 0.498047 0.021219 0.019531
7 0.756173 0.501411 0.021605 0.019748
7 0.784915 0.501845 0.021991 0.019314
5 0.133488 0.758898 0.015432 0.012153
0 0.147377 0.759115 0.013117 0.012153
0 0.161265 0.759766 0.013117 0.012587
2 0.176312 0.759874 0.015432 0.013238
0 0.190201 0.760308 0.013889 0.012370
9 0.204861 0.760959 0.014660 0.013672
9 0.219136 0.761936 0.013889 0.013021
0 0.233410 0.762153 0.014660 0.012153
1 0.247106 0.762261 0.011960 0.013238
5 0.928627 0.835503 0.048611 0.045573
5 0.915123 0.892036 0.048611 0.042752
5 0.902971 0.945747 0.048997 0.039931
0 0.947917 0.946832 0.051698 0.041233
10 0.182292 0.056424 0.163966 0.019097
10 0.182870 0.153212 0.155093 0.019965
10 0.187307 0.244792 0.157022 0.020399
10 0.188850 0.336697 0.158565 0.020182
10 0.194830 0.423937 0.151235 0.019314
10 0.194637 0.505642 0.152392 0.019097
10 0.188657 0.575629 0.131944 0.016276
10 0.185571 0.621745 0.128858 0.017361
10 0.188850 0.670139 0.134645 0.017361
10 0.193673 0.716363 0.128086 0.017361
10 0.189622 0.761068 0.128472 0.016927
