5 0.350260 0.143904 0.055556 0.177469
0 0.404405 0.145448 0.055339 0.176698
0 0.460503 0.148920 0.055556 0.176698
3 0.515951 0.148148 0.056641 0.175154
7 0.573676 0.152199 0.057075 0.173225
7 0.633898 0.155093 0.059462 0.179784
8 0.688911 0.155093 0.057943 0.176698
2 0.741753 0.156443 0.059462 0.175540
5 0.796984 0.157793 0.055339 0.175154
5 0.351780 0.385031 0.055990 0.173611
0 0.406576 0.387539 0.054470 0.167824
0 0.461372 0.389660 0.052951 0.166667
3 0.516168 0.389660 0.054036 0.167438
7 0.572483 0.391590 0.055990 0.166667
7 0.630208 0.393711 0.055990 0.167824
8 0.684570 0.393519 0.053168 0.168981
2 0.739149 0.395640 0.055990 0.169367
5 0.792752 0.395448 0.051215 0.166667
5 0.352648 0.620177 0.054253 0.165509
0 0.407878 0.620563 0.052734 0.163194
0 0.460938 0.621335 0.052517 0.163966
3 0.514648 0.620563 0.053168 0.164738
7 0.570312 0.623457 0.055556 0.163580
7 0.627496 0.625193 0.056641 0.160880
8 0.681641 0.626157 0.051215 0.162809
2 0.734484 0.626543 0.054470 0.162809
5 0.788194 0.627122 0.050347 0.160880
5 0.352865 0.850887 0.051215 0.162423
0 0.406359 0.850309 0.053168 0.161265
0 0.460069 0.851466 0.051649 0.161265
3 0.512804 0.850309 0.051649 0.163580
7 0.567274 0.852238 0.056424 0.162037
7 0.625326 0.852623 0.055339 0.159722
8 0.678385 0.853974 0.050781 0.159336
2 0.729384 0.854167 0.053819 0.159722
5 0.782661 0.852623 0.050564 0.155864
10 0.573351 0.149691 0.504774 0.198302
10 0.571940 0.389082 0.495009 0.189429
10 0.570312 0.620756 0.491319 0.174383
10 0.567166 0.851273 0.482422 0.167052
