5 0.216628 0.091905 0.075231 0.078776
0 0.291667 0.091363 0.076389 0.076389
0 0.369213 0.091037 0.074846 0.077474
3 0.446952 0.091254 0.075231 0.077474
1 0.514660 0.092339 0.064043 0.078776
9 0.583526 0.092014 0.076775 0.078125
6 0.667245 0.092773 0.076775 0.078776
7 0.745177 0.093424 0.078318 0.078776
2 0.822917 0.093967 0.080247 0.077691
5 0.229360 0.214518 0.069059 0.074436
0 0.301119 0.215820 0.072145 0.074002
0 0.375772 0.216363 0.072531 0.074653
3 0.453704 0.216471 0.071759 0.076606
0 0.533758 0.217773 0.070602 0.073134
0 0.611304 0.218859 0.071373 0.074002
2 0.687307 0.219076 0.076775 0.074870
5 0.762539 0.219293 0.072145 0.075738
7 0.836998 0.220378 0.078318 0.074436
5 0.242670 0.332465 0.070216 0.069878
0 0.309606 0.333550 0.069059 0.069010
0 0.378665 0.334418 0.069059 0.068142
3 0.446952 0.334635 0.067515 0.069878
3 0.516590 0.335069 0.068673 0.070747
7 0.589313 0.335503 0.072917 0.070312
3 0.660108 0.335938 0.069444 0.071181
8 0.729360 0.336589 0.066744 0.068576
4 0.803434 0.337023 0.079090 0.069010
5 0.260224 0.440321 0.068287 0.065972
0 0.328704 0.440321 0.068673 0.065538
0 0.401042 0.442166 0.073688 0.066623
1 0.463542 0.441949 0.053627 0.068359
2 0.526427 0.441515 0.069830 0.066623
5 0.594522 0.442166 0.070216 0.067925
5 0.666281 0.444010 0.067901 0.065972
2 0.736111 0.445095 0.073302 0.065538
5 0.806134 0.445530 0.067515 0.065104
5 0.252701 0.542643 0.063272 0.060113
0 0.314622 0.544054 0.064429 0.059896
0 0.377701 0.544488 0.064043 0.060764
3 0.439622 0.544813 0.061343 0.059245
4 0.506752 0.546332 0.072917 0.061849
9 0.574074 0.546115 0.061728 0.060547
9 0.636574 0.548069 0.063272 0.060113
4 0.704668 0.548828 0.075231 0.059462
7 0.778164 0.549154 0.074846 0.059245
5 0.283179 0.890082 0.061728 0.050564
0 0.338927 0.892253 0.057485 0.048828
0 0.393904 0.892795 0.057099 0.049913
3 0.450039 0.893663 0.059799 0.049913
7 0.508488 0.894423 0.061728 0.050998
7 0.569637 0.894531 0.060571 0.049045
8 0.626543 0.896810 0.055556 0.049262
2 0.684028 0.896267 0.059414 0.047309
5 0.739198 0.897352 0.055556 0.049045
5 0.285108 0.949110 0.059414 0.046658
0 0.339699 0.950195 0.059799 0.047960
0 0.395448 0.952148 0.057099 0.047960
3 0.447724 0.951931 0.059799 0.049262
7 0.504630 0.953668 0.059414 0.047960
7 0.561150 0.954753 0.059799 0.047526
8 0.618248 0.955078 0.057485 0.046875
2 0.673418 0.956380 0.057485 0.046875
5 0.728395 0.955729 0.059414 0.046875
10 0.521605 0.092990 0.686728 0.081380
10 0.535108 0.218099 0.682870 0.082899
10 0.525656 0.335395 0.636188 0.077040
10 0.532600 0.443034 0.615355 0.072266
10 0.518133 0.545247 0.597994 0.066189
10 0.510802 0.893989 0.516975 0.057075
10 0.507330 0.953668 0.506944 0.055773
