5 0.177469 0.160265 0.059414 0.069227
0 0.244985 0.161024 0.066358 0.069010
0 0.316937 0.161892 0.065201 0.068576
3 0.385802 0.161241 0.070216 0.069878
1 0.447724 0.163628 0.051312 0.069444
9 0.512924 0.164497 0.069059 0.070312
6 0.587577 0.165365 0.067130 0.070747
7 0.661073 0.167752 0.070602 0.069878
2 0.731289 0.168728 0.070602 0.071398
5 0.177469 0.256076 0.065586 0.066406
0 0.246721 0.258247 0.064429 0.066840
0 0.317323 0.259115 0.062886 0.065972
3 0.386188 0.259549 0.063272 0.066840
1 0.447724 0.262370 0.046682 0.067708
9 0.510224 0.262044 0.066744 0.067925
6 0.582948 0.262912 0.064815 0.068793
7 0.655285 0.264431 0.069059 0.068359
2 0.724344 0.266168 0.067515 0.067925
5 0.186150 0.350911 0.064429 0.065104
0 0.252701 0.352648 0.064043 0.065104
0 0.321181 0.353407 0.062886 0.064019
3 0.389275 0.354818 0.064815 0.066406
1 0.448881 0.356445 0.049769 0.067491
9 0.508488 0.356120 0.067901 0.067274
6 0.581019 0.357747 0.066358 0.067057
7 0.651235 0.358398 0.068673 0.065755
2 0.719522 0.360135 0.069444 0.066623
5 0.192130 0.441298 0.062500 0.063151
0 0.254630 0.442274 0.065586 0.064236
0 0.325039 0.443142 0.062114 0.062934
3 0.391204 0.444227 0.065586 0.063368
1 0.449653 0.446398 0.050540 0.062934
9 0.508681 0.446615 0.065201 0.061632
6 0.578511 0.447374 0.064429 0.062717
7 0.647377 0.448893 0.067901 0.064453
2 0.712384 0.449761 0.067515 0.064453
5 0.195023 0.527127 0.069059 0.062500
0 0.260610 0.527995 0.066744 0.059462
0 0.327546 0.529297 0.063272 0.059462
3 0.395062 0.530165 0.065586 0.060764
1 0.450039 0.531576 0.051312 0.060981
9 0.506752 0.530707 0.062886 0.060113
6 0.576775 0.532118 0.065586 0.061198
7 0.642168 0.535048 0.065201 0.062283
2 0.707948 0.535373 0.065586 0.063368
5 0.199846 0.608398 0.064815 0.059679
0 0.263117 0.610352 0.061728 0.057943
0 0.329090 0.611328 0.061728 0.059462
3 0.393326 0.611762 0.061343 0.059896
1 0.448110 0.612956 0.047454 0.058811
9 0.504823 0.614041 0.064429 0.060547
6 0.573110 0.614366 0.065972 0.062934
7 0.638889 0.616102 0.064043 0.059896
2 0.703704 0.618056 0.065586 0.060764
5 0.204090 0.689562 0.060185 0.057509
0 0.265625 0.690647 0.061343 0.056641
0 0.329282 0.691515 0.060571 0.057075
3 0.391590 0.691406 0.059414 0.057292
1 0.449846 0.692925 0.048611 0.057292
9 0.503472 0.693576 0.061728 0.057726
6 0.569252 0.694878 0.062114 0.058594
7 0.633681 0.696181 0.065972 0.058160
2 0.697145 0.697700 0.063272 0.058594
5 0.207755 0.764431 0.064429 0.054036
0 0.268326 0.765299 0.059799 0.052734
0 0.330826 0.766819 0.058256 0.054036
3 0.393326 0.770074 0.062114 0.057943
1 0.447917 0.769531 0.046296 0.056424
9 0.500772 0.770182 0.061728 0.056858
6 0.567323 0.771918 0.063657 0.054688
7 0.631366 0.772135 0.063657 0.057292
2 0.693287 0.774523 0.065586 0.058160
5 0.211613 0.837457 0.059028 0.054688
0 0.271219 0.838759 0.059414 0.052083
0 0.333140 0.839518 0.055941 0.053168
3 0.393326 0.841363 0.062114 0.051649
1 0.445988 0.841688 0.050154 0.051866
9 0.498843 0.843207 0.057870 0.054036
6 0.563272 0.844944 0.064815 0.054470
7 0.625772 0.845812 0.062500 0.057509
2 0.688079 0.846680 0.064429 0.056641
5 0.216242 0.905490 0.057485 0.050998
0 0.272377 0.907878 0.057870 0.052300
0 0.331019 0.908529 0.058642 0.051432
3 0.391397 0.909831 0.062114 0.052300
1 0.441744 0.910156 0.049383 0.052083
9 0.494599 0.912326 0.062500 0.053385
6 0.556906 0.912326 0.064429 0.053385
7 0.617863 0.914497 0.062886 0.055990
2 0.678048 0.913845 0.062886 0.053385
5 0.172840 0.061957 0.063272 0.070095
0 0.241319 0.061957 0.067515 0.070095
0 0.315394 0.062826 0.068287 0.069661
3 0.386767 0.062609 0.068287 0.069661
1 0.449846 0.064562 0.050154 0.070530
9 0.515239 0.064779 0.069059 0.069661
6 0.591242 0.066081 0.067515 0.070095
7 0.665509 0.066623 0.073302 0.071181
2 0.739005 0.068793 0.073688 0.071181
5 0.219329 0.968750 0.056713 0.046875
0 0.275849 0.970703 0.055556 0.047309
0 0.334684 0.971897 0.054398 0.046658
3 0.391975 0.972548 0.057870 0.045790
1 0.443866 0.974284 0.039738 0.045790
9 0.493248 0.974826 0.053627 0.046875
6 0.553434 0.975369 0.056713 0.046658
7 0.613619 0.975586 0.058256 0.046224
2 0.669367 0.976237 0.058642 0.046224
10 0.456404 0.066298 0.638117 0.079644
10 0.456597 0.165690 0.623071 0.080078
10 0.451582 0.262261 0.616898 0.078342
10 0.454475 0.355903 0.600309 0.077257
10 0.453318 0.446289 0.587963 0.074436
10 0.453511 0.532986 0.577546 0.070747
10 0.454090 0.615560 0.568673 0.070095
10 0.452546 0.694987 0.557870 0.067925
10 0.452160 0.770399 0.547068 0.065972
10 0.451968 0.842448 0.534336 0.063368
10 0.447917 0.910699 0.524691 0.061415
10 0.445602 0.971897 0.510031 0.054905
