5 0.166860 0.090386 0.079090 0.078342
0 0.245949 0.090929 0.076775 0.077691
0 0.322917 0.089301 0.077160 0.079210
3 0.400077 0.089301 0.074846 0.079210
1 0.468943 0.089844 0.065201 0.081597
9 0.539738 0.090169 0.078704 0.081814
6 0.621721 0.090278 0.079861 0.080729
7 0.701582 0.091580 0.079861 0.081163
2 0.781250 0.092990 0.081019 0.080078
5 0.182099 0.216580 0.076389 0.074653
0 0.254823 0.215820 0.072917 0.076606
0 0.329282 0.216471 0.073688 0.076172
3 0.409144 0.216037 0.074460 0.077040
3 0.489005 0.217339 0.073688 0.075738
0 0.569252 0.217556 0.075231 0.077040
2 0.643326 0.218859 0.075231 0.077908
5 0.721451 0.219293 0.071759 0.078342
7 0.798804 0.219618 0.079090 0.078125
5 0.195602 0.334418 0.076389 0.070747
0 0.266204 0.335069 0.071759 0.071181
0 0.336420 0.335503 0.072531 0.070747
3 0.405285 0.335938 0.069059 0.071181
3 0.475502 0.336589 0.072917 0.071615
7 0.549190 0.337023 0.074460 0.072917
3 0.621335 0.337457 0.072145 0.072917
8 0.691165 0.337240 0.067515 0.073351
4 0.765625 0.338542 0.081404 0.072917
5 0.214892 0.443576 0.070216 0.066406
0 0.286073 0.443793 0.069059 0.065972
5 0.630015 0.447049 0.066358 0.067274
2 0.701003 0.448242 0.071759 0.067057
5 0.770255 0.448242 0.069830 0.066189
5 0.208719 0.548611 0.069444 0.062066
0 0.273341 0.549805 0.065201 0.060981
0 0.336998 0.550130 0.065201 0.062066
3 0.399884 0.550130 0.065201 0.062934
4 0.470293 0.551541 0.074846 0.063585
9 0.538002 0.551324 0.064429 0.063151
9 0.602045 0.551866 0.065201 0.062500
4 0.672068 0.552951 0.076389 0.064670
7 0.744792 0.552626 0.074460 0.063585
5 0.246914 0.904622 0.060185 0.050130
0 0.303048 0.904622 0.054398 0.047960
0 0.360147 0.906359 0.062114 0.048828
9 0.417052 0.906576 0.056327 0.050998
7 0.476659 0.907661 0.060571 0.051432
7 0.537809 0.908312 0.060957 0.050998
8 0.596644 0.908420 0.057485 0.049479
2 0.653935 0.908529 0.061728 0.050998
5 0.711806 0.908637 0.058642 0.051215
10 0.475694 0.089735 0.709877 0.087891
10 0.489969 0.218750 0.699074 0.083333
10 0.481481 0.336589 0.654321 0.076823
10 0.477238 0.550564 0.608796 0.067274
