5 0.512370 0.068287 0.013455 0.041667
0 0.526259 0.067708 0.013021 0.040509
0 0.539497 0.067901 0.013021 0.041667
3 0.553602 0.067515 0.012153 0.040895
9 0.567057 0.068287 0.012587 0.041667
0 0.581055 0.067515 0.012370 0.040895
2 0.594727 0.067130 0.012804 0.040895
6 0.608398 0.067323 0.013238 0.042052
1 0.620443 0.068094 0.010417 0.042052
5 0.513780 0.200039 0.012370 0.040509
0 0.527344 0.200810 0.013021 0.039738
0 0.540799 0.201003 0.012153 0.041667
3 0.554036 0.200039 0.012587 0.039738
9 0.567600 0.199846 0.011936 0.039352
0 0.581055 0.200039 0.012804 0.038194
2 0.594510 0.200039 0.013238 0.039738
6 0.608181 0.198688 0.012804 0.040123
1 0.620443 0.199074 0.010417 0.040123
5 0.515082 0.328125 0.011936 0.038194
0 0.528646 0.328704 0.012153 0.038580
0 0.541667 0.329090 0.011719 0.037037
3 0.554905 0.328125 0.012153 0.038194
9 0.568034 0.328897 0.011936 0.038194
0 0.581163 0.328511 0.012153 0.037423
2 0.595161 0.327932 0.012804 0.038580
6 0.608398 0.326775 0.013238 0.040895
1 0.620009 0.327160 0.009983 0.039352
5 0.516602 0.451775 0.012804 0.037809
0 0.529514 0.451968 0.012587 0.038194
0 0.542752 0.451968 0.012587 0.038194
3 0.555556 0.451775 0.012153 0.037037
9 0.568468 0.451968 0.011936 0.037423
0 0.581597 0.451968 0.012587 0.037423
2 0.595161 0.451968 0.012370 0.038194
6 0.608181 0.451582 0.012804 0.037423
1 0.620443 0.451968 0.010851 0.037423
5 0.518012 0.571566 0.012153 0.036651
0 0.530490 0.571952 0.011502 0.035880
0 0.543728 0.572145 0.011936 0.033951
3 0.556749 0.572145 0.011502 0.036265
9 0.569227 0.572145 0.011719 0.036265
0 0.582248 0.572531 0.011285 0.035494
2 0.595703 0.572917 0.011719 0.036265
6 0.608615 0.572145 0.011936 0.036265
1 0.621094 0.573110 0.011285 0.037423
5 0.519531 0.689622 0.011285 0.035880
0 0.532878 0.690201 0.011502 0.035494
0 0.545030 0.690394 0.011936 0.035108
3 0.557943 0.690394 0.011285 0.035108
9 0.570747 0.690779 0.010851 0.035108
0 0.583876 0.690779 0.011936 0.035108
2 0.596354 0.691551 0.012153 0.035880
6 0.609266 0.690972 0.012370 0.036265
1 0.621094 0.692130 0.009983 0.036265
5 0.521376 0.806713 0.011502 0.036265
0 0.533963 0.806520 0.011502 0.035880
0 0.546549 0.806713 0.011502 0.033951
3 0.558919 0.806713 0.011936 0.036265
9 0.572049 0.806906 0.011285 0.035108
0 0.584635 0.806713 0.011719 0.036265
2 0.597222 0.807677 0.011719 0.035880
6 0.610352 0.807292 0.011068 0.034336
1 0.621853 0.808256 0.010200 0.036265
5 0.522569 0.919946 0.010417 0.034336
0 0.535482 0.920525 0.011068 0.033951
0 0.547852 0.920718 0.011068 0.033565
3 0.560330 0.920525 0.011285 0.034722
9 0.572591 0.920910 0.011068 0.033951
0 0.585069 0.920718 0.011285 0.034336
2 0.597656 0.921296 0.012153 0.033951
6 0.610786 0.922261 0.011502 0.035880
1 0.622287 0.921682 0.010200 0.033951
10 0.565972 0.068287 0.120660 0.042438
10 0.566840 0.200039 0.118490 0.040509
10 0.567057 0.328125 0.115885 0.039738
10 0.568142 0.452739 0.116319 0.040509
10 0.569119 0.572724 0.114800 0.038966
10 0.569770 0.690972 0.112630 0.040895
10 0.571398 0.807099 0.111545 0.038580
10 0.572157 0.921103 0.110026 0.036651
