5 0.102045 0.066189 0.018133 0.017361
0 0.119213 0.066515 0.018519 0.016710
0 0.136960 0.066298 0.017747 0.017144
3 0.154900 0.066515 0.018904 0.017578
7 0.172647 0.066189 0.017361 0.017795
7 0.192130 0.066515 0.019290 0.018880
8 0.210455 0.066515 0.016590 0.018446
2 0.227431 0.066732 0.018904 0.018012
5 0.246721 0.066623 0.018904 0.018229
5 0.106289 0.161133 0.018904 0.018012
0 0.124228 0.162001 0.017747 0.017578
0 0.141590 0.162218 0.016975 0.017144
3 0.158951 0.162435 0.017747 0.017578
1 0.174769 0.162218 0.013889 0.018446
9 0.188657 0.162869 0.016204 0.017144
6 0.205826 0.162543 0.018904 0.018229
7 0.223765 0.162977 0.017747 0.017795
2 0.243056 0.163411 0.020062 0.017795
5 0.110725 0.251845 0.017747 0.017578
0 0.127894 0.252604 0.017361 0.016927
0 0.145255 0.252821 0.017361 0.016927
3 0.162809 0.253147 0.018519 0.017144
0 0.180363 0.253255 0.017361 0.017361
0 0.197338 0.253472 0.018904 0.017361
2 0.214892 0.254232 0.018519 0.017144
5 0.231674 0.254123 0.018133 0.017361
7 0.249807 0.254666 0.018133 0.017578
5 0.112847 0.342990 0.016590 0.015842
0 0.129823 0.342990 0.015818 0.014974
0 0.146412 0.343641 0.016590 0.015408
3 0.164738 0.343967 0.016204 0.015625
3 0.181713 0.344184 0.016975 0.016059
7 0.199074 0.344618 0.016975 0.016927
3 0.217400 0.344835 0.015818 0.016493
8 0.234954 0.345378 0.016204 0.015842
4 0.252894 0.346354 0.018133 0.016493
5 0.124228 0.430230 0.017747 0.015842
0 0.141975 0.430556 0.017747 0.015191
0 0.159144 0.431207 0.018133 0.015191
1 0.174576 0.431098 0.013503 0.015408
2 0.189622 0.431424 0.018904 0.016059
5 0.206019 0.431532 0.017747 0.015842
5 0.222801 0.432075 0.017361 0.015191
2 0.239005 0.432183 0.017361 0.014974
5 0.255594 0.432726 0.018133 0.015625
5 0.121914 0.510851 0.016204 0.014757
0 0.138310 0.511176 0.016590 0.014106
0 0.155093 0.511176 0.015432 0.013672
3 0.170910 0.511827 0.016204 0.014540
4 0.188850 0.512587 0.017361 0.014323
9 0.206211 0.512804 0.014275 0.014323
9 0.222415 0.513129 0.014275 0.014106
4 0.240741 0.513563 0.016975 0.015408
7 0.256944 0.513997 0.017747 0.015842
5 0.126543 0.580946 0.014660 0.012587
0 0.140432 0.581380 0.014660 0.012153
0 0.155093 0.581923 0.013889 0.012370
2 0.169753 0.582357 0.014660 0.013238
8 0.184221 0.582791 0.013503 0.012804
9 0.198688 0.582682 0.012346 0.012587
8 0.213349 0.583116 0.012346 0.012153
2 0.227623 0.583876 0.013117 0.012804
0 0.241898 0.583767 0.014660 0.012153
5 0.125965 0.626194 0.015046 0.012370
0 0.140432 0.626628 0.014660 0.012370
0 0.154900 0.627170 0.013503 0.012587
3 0.168981 0.627387 0.013117 0.013021
9 0.182870 0.627930 0.013889 0.013238
0 0.197917 0.628255 0.013889 0.013455
2 0.211806 0.628798 0.013889 0.013238
6 0.226466 0.628798 0.014660 0.012804
1 0.239969 0.629340 0.010802 0.013021
5 0.127894 0.674262 0.014275 0.013021
0 0.141397 0.675022 0.015818 0.013238
0 0.156443 0.675456 0.015818 0.012804
2 0.170525 0.676215 0.015432 0.013455
3 0.184221 0.676215 0.015818 0.012587
7 0.198302 0.676432 0.015432 0.013889
0 0.215664 0.676649 0.014660 0.013021
5 0.229745 0.677300 0.015818 0.012587
1 0.244792 0.677626 0.015046 0.013238
5 0.135224 0.720595 0.014275 0.011936
0 0.148341 0.721029 0.012731 0.011068
0 0.161844 0.721137 0.014275 0.011285
3 0.176119 0.721571 0.013503 0.012153
3 0.189815 0.721788 0.013889 0.012587
7 0.203704 0.722656 0.014660 0.013455
8 0.218557 0.722873 0.012731 0.012587
7 0.233218 0.723090 0.015818 0.013889
8 0.246914 0.723850 0.012346 0.012804
5 0.132137 0.765299 0.014275 0.013238
0 0.146219 0.765299 0.012346 0.012370
0 0.160108 0.765734 0.014660 0.012370
2 0.174576 0.766168 0.013503 0.013238
0 0.188079 0.766602 0.013503 0.012804
9 0.202353 0.767036 0.013503 0.012804
9 0.215856 0.767578 0.014275 0.013021
0 0.231289 0.767795 0.014275 0.012587
1 0.244985 0.768229 0.012346 0.013021
8 0.626350 0.047418 0.021219 0.022786
9 0.659915 0.047418 0.022762 0.021484
2 0.683063 0.048720 0.021219 0.024089
7 0.773727 0.050022 0.023534 0.023220
2 0.806906 0.050890 0.025077 0.023220
8 0.830054 0.051215 0.024306 0.023872
7 0.623457 0.145616 0.021605 0.023438
5 0.655285 0.145833 0.022762 0.023003
8 0.785880 0.149089 0.020833 0.022135
4 0.820988 0.150608 0.025463 0.023003
1 0.629630 0.239583 0.016975 0.021701
0 0.648148 0.239800 0.020833 0.021267
1 0.795332 0.242839 0.017361 0.022135
4 0.814622 0.243490 0.023534 0.023003
6 0.609954 0.331597 0.020833 0.021701
9 0.641590 0.332248 0.022377 0.020833
8 0.770833 0.334418 0.021605 0.020833
2 0.802855 0.334852 0.022377 0.021267
4 0.578704 0.427517 0.025463 0.023003
1 0.656057 0.428819 0.018904 0.022135
2 0.678627 0.429688 0.026235 0.022135
1 0.764275 0.431424 0.019290 0.022135
2 0.786073 0.432292 0.025849 0.022569
9 0.597994 0.503472 0.020833 0.019097
0 0.627315 0.504123 0.020833 0.019097
7 0.748843 0.507161 0.023148 0.019097
7 0.777199 0.507595 0.022762 0.019531
5 0.925926 0.839627 0.054784 0.047309
5 0.911265 0.896701 0.052469 0.046441
5 0.898920 0.949219 0.051698 0.041667
0 0.946373 0.950195 0.051698 0.040582
10 0.173997 0.066732 0.162037 0.017578
10 0.174576 0.162869 0.155478 0.019314
10 0.180170 0.253906 0.156636 0.019965
10 0.183256 0.345052 0.157407 0.019531
10 0.190201 0.431641 0.150463 0.017795
10 0.189815 0.513021 0.152006 0.019097
10 0.184414 0.582682 0.129630 0.016059
10 0.182099 0.628038 0.127315 0.016493
10 0.186535 0.676215 0.132330 0.016493
10 0.190972 0.722765 0.125772 0.016710
10 0.188272 0.767036 0.127315 0.016710
