5 0.186343 0.041233 0.024691 0.024740
0 0.212963 0.041450 0.024691 0.024306
0 0.239005 0.041450 0.026620 0.025174
3 0.266590 0.041016 0.022377 0.025174
3 0.294560 0.041667 0.024306 0.024740
7 0.321373 0.042101 0.027006 0.025608
3 0.349730 0.042101 0.024306 0.024306
7 0.377894 0.042535 0.027392 0.026476
8 0.404900 0.042860 0.024306 0.024957
5 0.180941 0.123589 0.023920 0.025391
0 0.207369 0.123806 0.025849 0.024957
0 0.234375 0.124240 0.024306 0.025391
3 0.260417 0.124674 0.025463 0.024957
3 0.287809 0.124891 0.025463 0.025825
7 0.315779 0.125543 0.025849 0.025391
3 0.342593 0.125977 0.024691 0.025391
7 0.369985 0.125977 0.025463 0.026259
8 0.397569 0.126628 0.027392 0.024957
5 0.180170 0.204970 0.023148 0.025391
0 0.206019 0.206055 0.023920 0.024523
0 0.232060 0.206272 0.024306 0.024089
3 0.258488 0.206380 0.023920 0.025608
3 0.284336 0.207140 0.023920 0.025391
7 0.312307 0.207465 0.026620 0.025174
3 0.339120 0.207899 0.023920 0.025174
7 0.365934 0.208333 0.028164 0.026042
8 0.393326 0.208984 0.025077 0.024740
5 0.182292 0.285590 0.025849 0.024306
0 0.208140 0.285807 0.025849 0.023003
0 0.234182 0.286892 0.024691 0.024740
3 0.260610 0.287543 0.024306 0.024740
3 0.286844 0.287977 0.024306 0.024740
7 0.313079 0.288628 0.025849 0.025174
3 0.339699 0.288845 0.024306 0.024740
7 0.366127 0.289714 0.028549 0.025608
8 0.392168 0.290365 0.024306 0.024740
5 0.188272 0.364800 0.027006 0.023872
0 0.213927 0.365668 0.024306 0.023003
0 0.238812 0.366319 0.026235 0.023438
3 0.265239 0.367188 0.022762 0.022569
3 0.291088 0.367839 0.023534 0.023438
7 0.316165 0.368273 0.024306 0.024740
3 0.342593 0.368490 0.026235 0.023872
7 0.369020 0.369575 0.028164 0.024306
8 0.394290 0.370009 0.024691 0.023872
5 0.194444 0.440430 0.024691 0.021918
0 0.219715 0.441406 0.023534 0.022569
0 0.244020 0.442166 0.022762 0.021918
3 0.269290 0.442274 0.022377 0.022135
3 0.294753 0.442925 0.024691 0.022135
7 0.319252 0.443359 0.026620 0.023003
3 0.346451 0.444227 0.025463 0.022135
7 0.371335 0.445095 0.025849 0.023003
8 0.397377 0.445964 0.026235 0.021701
5 0.199074 0.513346 0.022377 0.021050
0 0.224151 0.513563 0.022377 0.020616
0 0.248650 0.514648 0.021991 0.020616
3 0.273727 0.515082 0.021991 0.021050
3 0.298032 0.515299 0.022762 0.022352
7 0.323302 0.516385 0.025463 0.021484
3 0.348765 0.517036 0.023148 0.021484
7 0.373650 0.517253 0.025849 0.021050
8 0.398148 0.518121 0.024691 0.021050
5 0.203704 0.583767 0.022377 0.019965
0 0.227816 0.584635 0.021991 0.019965
0 0.252122 0.584635 0.022762 0.020833
3 0.276813 0.585069 0.022762 0.020833
3 0.300540 0.585720 0.022377 0.021267
7 0.325231 0.586806 0.023920 0.021267
3 0.350116 0.586806 0.023534 0.021701
7 0.374035 0.587240 0.025077 0.022135
8 0.399884 0.587891 0.024306 0.020833
5 0.207369 0.651693 0.023534 0.019965
0 0.229938 0.652669 0.022377 0.019748
0 0.254630 0.652995 0.022377 0.019965
3 0.278164 0.653212 0.021605 0.019965
3 0.301698 0.653537 0.021605 0.021050
7 0.326389 0.653971 0.025463 0.021050
3 0.350502 0.654839 0.023534 0.021050
7 0.375772 0.655056 0.023920 0.021050
8 0.399498 0.655924 0.025077 0.021484
5 0.208912 0.716797 0.022762 0.019097
0 0.231096 0.717556 0.022377 0.020182
0 0.254630 0.717990 0.022377 0.020182
3 0.277971 0.718424 0.021991 0.020182
3 0.301698 0.718859 0.022377 0.020616
7 0.325810 0.719944 0.024306 0.021918
3 0.350309 0.720161 0.021605 0.020616
7 0.373650 0.720812 0.024306 0.020182
8 0.397955 0.721463 0.023534 0.020182
5 0.210841 0.780273 0.022762 0.019314
0 0.233410 0.780490 0.022377 0.018880
0 0.256366 0.781359 0.022762 0.019314
3 0.279900 0.781793 0.021219 0.019748
3 0.303434 0.782227 0.021991 0.018880
7 0.326968 0.782878 0.022762 0.020182
3 0.350116 0.783637 0.021991 0.020399
7 0.373650 0.784831 0.024306 0.021050
8 0.397377 0.785156 0.025463 0.019965
5 0.213927 0.841146 0.020448 0.019531
0 0.235532 0.841580 0.021219 0.018663
0 0.258681 0.841688 0.021991 0.018446
3 0.279900 0.842231 0.021991 0.018229
3 0.303434 0.843207 0.023534 0.018446
7 0.326775 0.843641 0.023148 0.018446
3 0.349923 0.844076 0.021605 0.019314
7 0.372878 0.844510 0.024306 0.019314
8 0.395640 0.845052 0.022762 0.018229
5 0.215664 0.896050 0.022377 0.019531
0 0.237269 0.897786 0.022377 0.018663
0 0.259645 0.897786 0.020833 0.019531
3 0.280671 0.898655 0.022762 0.019965
3 0.303048 0.898872 0.021991 0.019531
7 0.325810 0.899089 0.024306 0.019965
3 0.348380 0.900174 0.021605 0.019097
7 0.370370 0.900391 0.023148 0.019097
8 0.393326 0.901476 0.022762 0.019531
5 0.217400 0.948676 0.020448 0.018012
0 0.239005 0.949436 0.023534 0.018229
0 0.260224 0.949761 0.020448 0.018446
3 0.280093 0.950412 0.021605 0.018880
3 0.302276 0.951931 0.022762 0.019748
7 0.323110 0.951931 0.025849 0.019748
3 0.347415 0.952799 0.022762 0.018880
7 0.368248 0.952582 0.024306 0.019314
8 0.392361 0.953451 0.024691 0.019748
10 0.295332 0.041884 0.244213 0.027344
10 0.290123 0.125109 0.243827 0.029731
10 0.287809 0.207140 0.239969 0.030165
10 0.287423 0.288411 0.238426 0.031250
10 0.291281 0.367296 0.233025 0.029731
10 0.296103 0.443034 0.229552 0.028429
10 0.299190 0.515951 0.224923 0.027561
10 0.301890 0.585829 0.221065 0.026693
10 0.303434 0.654297 0.217978 0.026042
10 0.303819 0.719401 0.212577 0.024740
10 0.304977 0.782769 0.211034 0.024740
10 0.305941 0.842773 0.205247 0.024089
10 0.305170 0.899089 0.202160 0.026042
10 0.305748 0.951063 0.197917 0.024089
