5 0.361003 0.152006 0.051866 0.172840
0 0.416233 0.155093 0.053385 0.172840
0 0.471029 0.157407 0.052734 0.172068
3 0.525391 0.158951 0.052951 0.175154
7 0.582357 0.162616 0.056207 0.172454
7 0.641168 0.166667 0.057509 0.175154
8 0.693142 0.166860 0.051215 0.169367
2 0.747070 0.167052 0.054036 0.175154
5 0.800456 0.170525 0.051866 0.173611
5 0.362305 0.391011 0.053168 0.171682
0 0.416450 0.393519 0.052951 0.167438
0 0.470161 0.395640 0.052734 0.165509
3 0.523220 0.396026 0.055556 0.167052
7 0.578668 0.399113 0.056641 0.169367
7 0.637044 0.399691 0.057075 0.169753
8 0.691081 0.401427 0.054905 0.168596
2 0.743707 0.403164 0.056858 0.167438
5 0.797418 0.403164 0.052734 0.169753
5 0.361871 0.624614 0.052734 0.165123
0 0.416992 0.624807 0.052734 0.163194
0 0.468859 0.625579 0.052734 0.161651
3 0.521484 0.624807 0.052517 0.164738
7 0.576714 0.628665 0.055773 0.163194
7 0.634115 0.629823 0.055122 0.157793
8 0.686306 0.632137 0.051866 0.162423
2 0.738715 0.633102 0.054253 0.159722
5 0.791884 0.632137 0.051649 0.162423
5 0.361654 0.853202 0.050130 0.163194
0 0.414714 0.852238 0.052517 0.159722
0 0.467556 0.853588 0.050130 0.159336
3 0.519097 0.852045 0.051215 0.160880
7 0.574110 0.854745 0.053602 0.156250
7 0.631076 0.856674 0.054688 0.157793
8 0.682509 0.856289 0.052083 0.156250
2 0.733398 0.855324 0.052300 0.157407
5 0.784397 0.854745 0.049262 0.154707
10 0.581163 0.158565 0.496528 0.198302
10 0.580187 0.396798 0.491102 0.191744
10 0.577040 0.628665 0.484809 0.184028
10 0.573025 0.853009 0.476345 0.169753
