5 0.340278 0.176312 0.053819 0.168981
0 0.393555 0.174576 0.055773 0.170139
0 0.447266 0.175347 0.055990 0.173225
3 0.500543 0.172261 0.053602 0.170139
7 0.555773 0.170525 0.058594 0.168981
7 0.614800 0.170910 0.057726 0.172840
8 0.669379 0.167245 0.052734 0.167824
2 0.723741 0.163194 0.056424 0.168981
5 0.778103 0.163002 0.053602 0.171682
5 0.350477 0.405478 0.052517 0.155864
0 0.401801 0.403935 0.052734 0.155093
0 0.452148 0.403164 0.050130 0.154321
3 0.503906 0.401042 0.051649 0.158565
7 0.557292 0.400849 0.053385 0.155864
7 0.612739 0.400270 0.054905 0.155478
8 0.665799 0.397762 0.052951 0.159722
2 0.719293 0.395448 0.053602 0.158951
5 0.771918 0.394676 0.052083 0.158951
5 0.357639 0.615741 0.048177 0.144290
0 0.408312 0.614005 0.048828 0.142361
0 0.457031 0.613233 0.046007 0.141590
3 0.506293 0.612076 0.049479 0.144676
7 0.557400 0.613426 0.050564 0.144290
7 0.611654 0.613426 0.052300 0.144290
8 0.663086 0.610532 0.048394 0.144676
2 0.714735 0.611111 0.051866 0.147377
5 0.765299 0.610147 0.048828 0.147762
5 0.364583 0.813465 0.047309 0.133873
0 0.412869 0.811150 0.046658 0.133102
0 0.461155 0.811535 0.046007 0.135417
3 0.508681 0.811150 0.045139 0.135417
7 0.557834 0.811150 0.048394 0.135417
7 0.610677 0.811728 0.048177 0.135031
8 0.661350 0.810185 0.045790 0.135802
2 0.709527 0.809414 0.048394 0.138117
5 0.758464 0.810378 0.046875 0.137731
10 0.559462 0.168981 0.499132 0.195216
10 0.560221 0.399691 0.478082 0.173611
10 0.561740 0.611883 0.458984 0.155093
10 0.562934 0.811535 0.444010 0.146219
