5 0.374457 0.187307 0.054905 0.177083
0 0.430122 0.190008 0.059028 0.177855
0 0.485135 0.190201 0.055339 0.176698
3 0.540799 0.190201 0.057292 0.180556
7 0.598850 0.190008 0.062283 0.179398
7 0.658854 0.188657 0.058160 0.179784
8 0.714410 0.187886 0.055990 0.177469
2 0.769097 0.188465 0.058160 0.178627
5 0.824761 0.188079 0.056641 0.175540
5 0.378364 0.426505 0.053602 0.167052
0 0.433160 0.426890 0.052951 0.166281
0 0.486220 0.428434 0.053168 0.167052
3 0.539280 0.427855 0.055990 0.170525
7 0.596354 0.428434 0.058594 0.167052
7 0.654839 0.428434 0.060113 0.167824
8 0.709201 0.426505 0.053819 0.168596
2 0.763997 0.427469 0.057509 0.168981
5 0.818359 0.426890 0.053385 0.169367
5 0.382595 0.654900 0.052083 0.163966
0 0.434136 0.651427 0.048828 0.157793
0 0.487305 0.654514 0.051432 0.160880
3 0.539062 0.651042 0.052083 0.160108
7 0.593207 0.652971 0.056207 0.160108
7 0.651259 0.655093 0.057726 0.158951
8 0.706055 0.655093 0.055773 0.161265
2 0.759332 0.653356 0.055122 0.163194
5 0.813260 0.655093 0.052734 0.162037
10 0.599935 0.189043 0.506727 0.184414
10 0.598307 0.427276 0.494792 0.172454
10 0.598307 0.654128 0.485243 0.166281
