5 0.168789 0.087891 0.082948 0.080295
0 0.246721 0.089084 0.075231 0.078342
0 0.326968 0.089084 0.072917 0.077474
3 0.402585 0.088650 0.072145 0.076606
1 0.471451 0.089844 0.060957 0.079861
9 0.541088 0.090386 0.075231 0.078342
6 0.621721 0.090386 0.072145 0.079210
7 0.701968 0.092014 0.078318 0.079861
2 0.780093 0.093207 0.079475 0.080946
5 0.185764 0.213433 0.072145 0.074436
0 0.256944 0.213759 0.073302 0.074653
0 0.332755 0.214627 0.071373 0.075087
3 0.411073 0.215386 0.074460 0.075738
0 0.489390 0.216254 0.070602 0.076172
0 0.568866 0.217556 0.071373 0.074436
2 0.642361 0.217990 0.074846 0.075304
5 0.719522 0.219076 0.070988 0.075738
7 0.795332 0.220595 0.076775 0.075304
5 0.200039 0.330838 0.069830 0.070095
0 0.267361 0.333008 0.067901 0.067491
0 0.336613 0.332899 0.066744 0.069010
3 0.409144 0.333767 0.067515 0.069878
3 0.474537 0.334201 0.069444 0.069010
7 0.547068 0.335069 0.072531 0.068576
3 0.618056 0.335503 0.068673 0.069878
8 0.687307 0.336806 0.067515 0.070312
4 0.761574 0.337457 0.077160 0.069444
5 0.216435 0.439562 0.069444 0.066189
0 0.286073 0.439670 0.069059 0.065972
0 0.358989 0.440538 0.072917 0.065972
1 0.423032 0.441298 0.059799 0.068793
2 0.485147 0.441406 0.071373 0.069444
5 0.553434 0.441949 0.070602 0.068359
5 0.625965 0.444661 0.064429 0.067274
2 0.694059 0.445530 0.071759 0.066406
5 0.763889 0.445312 0.068673 0.065972
5 0.211613 0.542535 0.067515 0.059462
0 0.274498 0.543620 0.064429 0.062066
0 0.336806 0.544705 0.063272 0.060330
3 0.399306 0.544596 0.061728 0.060981
4 0.467400 0.545790 0.071373 0.061632
9 0.534722 0.546766 0.061728 0.059679
9 0.596644 0.547852 0.061343 0.059679
4 0.664738 0.548937 0.074846 0.060981
7 0.737076 0.549262 0.069830 0.062066
5 0.246142 0.889757 0.057870 0.047743
0 0.301312 0.891059 0.055556 0.046441
0 0.356096 0.891819 0.056327 0.046658
3 0.412616 0.892144 0.058256 0.047743
7 0.470872 0.893446 0.060571 0.048611
7 0.531057 0.894314 0.059028 0.048177
8 0.587963 0.895399 0.059414 0.050347
2 0.645448 0.895833 0.057099 0.048611
5 0.701003 0.896701 0.057870 0.050347
5 0.249421 0.949110 0.059799 0.047526
0 0.301698 0.951280 0.056327 0.049262
0 0.357060 0.951606 0.061343 0.048611
3 0.410108 0.952365 0.057870 0.045790
7 0.465471 0.953668 0.060571 0.048394
7 0.525077 0.953668 0.063272 0.050130
8 0.582755 0.954536 0.057485 0.046224
2 0.634838 0.954861 0.059799 0.046441
5 0.690779 0.955404 0.058256 0.044488
10 0.477623 0.091580 0.683642 0.085069
10 0.490355 0.217665 0.684414 0.085503
10 0.483025 0.335286 0.638889 0.078559
10 0.489198 0.442274 0.618827 0.074653
10 0.474537 0.547092 0.597222 0.070747
