5 0.199327 0.149113 0.014540 0.041281
0 0.213325 0.150656 0.013455 0.038966
0 0.226997 0.150270 0.013889 0.039738
3 0.240017 0.150077 0.013889 0.040123
7 0.253472 0.151042 0.014757 0.042052
7 0.267687 0.151042 0.013672 0.042824
8 0.282769 0.151427 0.013889 0.042824
2 0.295790 0.152392 0.014757 0.041667
5 0.309570 0.151620 0.014540 0.043210
5 0.209852 0.367670 0.012587 0.035494
0 0.222982 0.368056 0.012804 0.035494
0 0.236437 0.369406 0.012370 0.037423
3 0.249457 0.370563 0.013238 0.038194
1 0.261719 0.369792 0.010851 0.036651
9 0.272352 0.371142 0.012153 0.037809
6 0.286133 0.371914 0.013672 0.038580
7 0.298503 0.371914 0.012370 0.037809
2 0.313477 0.373071 0.014106 0.037809
5 0.218859 0.567323 0.012804 0.034336
0 0.231662 0.569059 0.012370 0.035494
0 0.244575 0.569252 0.010851 0.033565
3 0.257595 0.570216 0.013021 0.036265
0 0.270725 0.570795 0.011936 0.035108
0 0.283095 0.571759 0.011502 0.036265
2 0.296115 0.572145 0.012370 0.036265
5 0.308702 0.571952 0.011936 0.035880
7 0.321615 0.572724 0.013021 0.037423
5 0.224826 0.760031 0.012153 0.033179
0 0.237630 0.761574 0.012153 0.032407
0 0.249457 0.762539 0.011936 0.032793
3 0.262153 0.762731 0.011719 0.033951
3 0.275065 0.763503 0.012370 0.033951
7 0.286458 0.764468 0.012153 0.035880
3 0.301324 0.764468 0.011502 0.032022
8 0.313694 0.765818 0.012370 0.033951
4 0.327148 0.767361 0.014106 0.036265
5 0.237956 0.932292 0.011936 0.030478
0 0.250977 0.934221 0.011502 0.032022
0 0.262044 0.934414 0.011936 0.032407
1 0.273655 0.934992 0.009983 0.034336
2 0.284614 0.935764 0.013238 0.032793
5 0.295681 0.936343 0.011068 0.033179
5 0.307509 0.937307 0.011719 0.032793
2 0.319444 0.938272 0.013455 0.034722
5 0.331055 0.936921 0.012370 0.033565
8 0.598416 0.110147 0.017144 0.052083
9 0.624240 0.111690 0.016710 0.052083
2 0.642144 0.112461 0.017795 0.057485
7 0.710938 0.115548 0.017795 0.056713
2 0.736003 0.117284 0.019314 0.055556
8 0.753472 0.119020 0.017795 0.055941
7 0.595703 0.336613 0.017361 0.050540
5 0.619900 0.336806 0.017578 0.049383
8 0.718424 0.342593 0.015408 0.049383
4 0.744358 0.344522 0.019097 0.050154
1 0.599826 0.541667 0.011719 0.047068
0 0.613390 0.542631 0.016276 0.045910
1 0.721571 0.549769 0.011719 0.048611
4 0.735894 0.551505 0.017361 0.049769
6 0.586372 0.735340 0.014757 0.042438
9 0.609484 0.737076 0.013672 0.043596
8 0.702908 0.742477 0.015625 0.042824
2 0.725369 0.745177 0.014974 0.045910
1 0.620443 0.931713 0.012587 0.047840
2 0.634874 0.932677 0.016710 0.046682
1 0.696832 0.936150 0.013021 0.046682
2 0.711589 0.938272 0.018663 0.047068
10 0.254123 0.151042 0.124132 0.045910
10 0.261936 0.370563 0.117622 0.044367
10 0.270291 0.571373 0.116102 0.043210
10 0.276476 0.765239 0.115451 0.043596
10 0.284614 0.936343 0.105686 0.040123
