5 0.358615 0.182485 0.056207 0.174383
0 0.413628 0.181134 0.056858 0.173225
0 0.467990 0.180556 0.054036 0.172840
3 0.523220 0.178434 0.056424 0.176312
7 0.579753 0.175926 0.057943 0.172068
7 0.638346 0.175347 0.060547 0.173225
8 0.695095 0.172454 0.055556 0.174383
2 0.751411 0.171489 0.057509 0.173225
5 0.806641 0.169946 0.054688 0.173225
5 0.364800 0.419174 0.054253 0.165509
0 0.418511 0.418403 0.053602 0.163194
0 0.471029 0.416860 0.053602 0.163194
3 0.524306 0.415316 0.054253 0.163966
7 0.579102 0.413580 0.057509 0.165895
7 0.637261 0.411651 0.059245 0.165123
8 0.692925 0.409722 0.054688 0.165123
2 0.748589 0.408758 0.055773 0.166281
5 0.803385 0.408758 0.053385 0.167824
5 0.371419 0.643711 0.050998 0.161651
0 0.422635 0.641011 0.050998 0.157022
0 0.475260 0.640432 0.051215 0.157407
3 0.526693 0.638117 0.052083 0.161265
7 0.580621 0.639082 0.056207 0.159336
7 0.636827 0.637731 0.055773 0.157407
8 0.691949 0.637346 0.052300 0.157407
2 0.746094 0.636381 0.054688 0.157022
5 0.799154 0.635417 0.051432 0.158951
10 0.583008 0.173997 0.506727 0.195988
10 0.583984 0.410880 0.496094 0.185185
10 0.584852 0.640818 0.483073 0.175154
