5 0.133333 0.249219 0.054167 0.073438
0 0.192708 0.249219 0.056250 0.073438
0 0.251042 0.249219 0.056250 0.073438
2 0.310417 0.250000 0.054167 0.075000
8 0.367708 0.249219 0.056250 0.073438
9 0.426042 0.249219 0.056250 0.073438
8 0.483333 0.247656 0.054167 0.073438
2 0.542708 0.247656 0.060417 0.073438
1 0.593750 0.247656 0.045833 0.073438
5 0.145833 0.479687 0.058333 0.075000
0 0.205208 0.480469 0.056250 0.073438
0 0.263542 0.479687 0.056250 0.071875
2 0.322917 0.480469 0.058333 0.073438
8 0.379167 0.478125 0.054167 0.075000
9 0.438542 0.478125 0.060417 0.075000
8 0.494792 0.478906 0.056250 0.073438
2 0.554167 0.478125 0.058333 0.071875
1 0.603125 0.476562 0.047917 0.071875
5 0.153125 0.712500 0.056250 0.075000
0 0.212500 0.712500 0.058333 0.075000
0 0.271875 0.712500 0.060417 0.075000
2 0.331250 0.710938 0.062500 0.075000
8 0.388542 0.710156 0.056250 0.076563
9 0.446875 0.709375 0.060417 0.075000
8 0.505208 0.707812 0.056250 0.075000
2 0.566667 0.708594 0.062500 0.076563
1 0.617708 0.710156 0.052083 0.079687
5 0.147917 0.951562 0.062500 0.084375
0 0.209375 0.950781 0.056250 0.079687
0 0.269792 0.949219 0.056250 0.079687
2 0.331250 0.950000 0.062500 0.078125
8 0.387500 0.949219 0.058333 0.076563
9 0.447917 0.950000 0.058333 0.078125
8 0.505208 0.947656 0.060417 0.079687
2 0.567708 0.947656 0.064583 0.079687
1 0.620833 0.947656 0.050000 0.082812
